  -0.41782350500888   0.82380935278446   0.38309485630448
   0.50198668225440   0.56816446503362   0.65207247412560
   0.14374011122662  -0.42965895097966  -0.89147740648186
   0.69798942421263   0.04821234467449  -0.71448326328075
  -0.08966694118359  -0.82868717571573   0.55248294495221
  -0.22401802662322  -0.96424889055732  -0.14156270980317
   0.95269761674347   0.19440683125031   0.23360915010872
   0.61723322128312  -0.16621570162639   0.76902242560104
  -0.91787981980257   0.35358981414646   0.18019678057914
  -0.57743422830171   0.74041863058356  -0.34402029514314
   0.04765815481080   0.27630610772691  -0.95988730333974
  -0.73488583063772  -0.61688185895817   0.2817793250333
